996
1028
261
4723
8377
4644
4098
3809
-1
8361
2451
6231
-1
-1
-1
6433
-1
1838
5114
5708
3492
434
8394
3381
3160
5705
4082
1099
3214
2598
-1
8199
176
2388
5377
7588
5523
1235
1052
1249
3376
3365
-1
6659
7241
9769
5809
3900
8792
6883
1908
4910
1964
8529
7520
8090
1246
54
1935
1616
-1
9038
2170
4008
2420
300
4692
6724
5617
841
8374
8753
6728
5476
9250
9471
3849
7353
7347
3960
-1
6834
6400
5381
2317
9014
-1
9434
5820
7249
2449
-1
-1
5079
7343
8717
6829
7574
-1
3710
4103
3591
845
203
9315
8567
3004
7078
4428
4840
4246
3889
-1
9650
3485
7447
-1
3012
8695
5622
-1
2654
8967
9512
6503
2402
1492
9558
5031
-1
5249
5895
187
9898
5446
4141
7559
240
3504
2876
4134
3936
621
9013
-1
8050
8302
1849
-1
-1
3826
2078
9533
6626
2970
5668
5092
652
1538
6963
982
3533
3298
8126
994
-1
4603
5225
836
-1
2541
93
5156
5970
7169
9699
2794
7049
3856
449
3576
5116
3671
8446
8608
3261
69
7522
7181
1451
7199
112
5043
7818
3864
-1
7058
7845
9156
8146
3970
4773
9248
1182
6453
1881
8109
6983
9102
7744
5935
-1
7064
2257
1527
2150
435
3617
6200
9104
9675
8750
2326
9922
5508
3223
7131
5461
1051
8661
2982
9767
96
651
7362
2204
5952
2129
5038
8407
2817
6971
9894
5860
3528
2137
7495
1915
7741
3259
-1
5349
3092
-1
5173
8496
9938
-1
-1
8820
3269
9185
9862
7448
3588
4361
9823
5943
1085
7992
3875
6405
1228
269
3979
4122
1996
6691
8621
5533
3963
9025
3249
3948
4632
2577
-1
7260
8764
5057
2587
4551
7188
6760
7378
392
9739
-1
-1
5294
3592
9867
1777
9701
7080
7127
3954
5824
1789
539
3887
6279
7232
-1
7326
8925
411
4580
6757
3940
5953
9388
9715
8953
1081
1738
4509
9705
8571
-1
7976
3230
6463
8162
6657
6535
3490
4128
1624
115
4641
8284
3733
4206
6250
3483
3345
6622
4884
4572
6313
2526
4570
7163
181
3682
1063
133
3236
8847
1568
4939
5115
8715
-1
1857
4494
6368
8206
3445
9445
2052
9421
-1
4659
4665
629
7479
593
3415
-1
3998
569
6120
3813
9003
2692
-1
3180
2110
1490
6587
2630
3310
29
7466
-1
38
7421
-1
2331
1669
1491
-1
1100
2688
8489
8369
5205
1644
1860
2405
7027
-1
3380
4829
3408
6741
-1
107
1298
2197
1734
3271
9858
1856
9177
-1
9409
1030
1828
-1
4874
9178
3680
7261
8402
-1
1906
4066
762
9081
8366
712
555
2274
-1
3389
4727
3403
4800
2778
1938
532
7093
8198
6620
2650
2075
-1
277
6337
8569
9094
9732
6943
139
7000
4703
4011
8385
4954
3024
1210
4709
8352
5550
1357
8481
7139
735
9159
55
4768
556
9572
7012
5170
8378
1769
2245
9347
1657
4816
7751
3302
7379
1673
-1
-1
6592
5751
7290
2400
6164
7813
3799
8382
288
4038
-1
5068
5109
3073
8958
4875
3577
6663
6917
876
6946
7351
4478
8592
1779
7171
-1
41
-1
5404
-1
4872
7827
2126
2895
1477
5806
-1
-1
1294
3943
1067
7373
-1
9552
9834
6889
4747
-1
4285
6156
2903
6942
9808
3322
8216
-1
2694
5431
439
5290
7561
8285
6366
2617
5728
843
7213
4907
-1
7917
9764
8547
2881
9923
8555
4531
7840
1584
7733
9305
9303
448
426
3128
8194
5291
-1
3453
963
6786
3833
5532
9274
4870
8028
1772
8570
4866
2492
2077
8479
8971
1446
6801
2068
-1
2154
3599
8317
8631
997
3865
1191
4120
8093
348
4040
3352
7843
8950
126
2729
726
209
7268
2928
2081
7770
1080
430
9513
5692
3464
4842
1590
8884
7659
1448
7411
7854
2691
5081
4493
3407
5026
3081
8910
1924
7842
68
2966
4409
4304
6284
3361
2360
793
2537
140
3976
6598
5416
252
-1
4168
373
905
1969
3412
6564
1351
9676
4325
9118
5699
4376
8762
3736
9431
5753
5534
7359
6442
6190
5164
8666
1296
9564
4375
-1
6488
6799
4328
6794
4784
7831
4961
7947
9792
8348
4956
8624
2819
3912
2914
1997
3098
4190
2513
103
3109
558
5646
1809
2621
7104
7151
4247
4371
1232
1561
9442
2316
383
5697
3291
6347
420
6336
7212
-1
2965
6318
4146
4928
2473
9632
4693
6654
9029
5308
7054
1196
8397
5206
8
3861
3635
-1
236
3349
9385
4071
8945
9806
9157
24
2290
9933
6991
4292
8295
659
6459
10000
6480
9920
-1
5869
3418
194
9150
7789
8143
153
8174
6497
6298
4871
6516
1229
4065
-1
9717
7610
3594
8083
-1
601
2053
584
2991
8200
2671
6675
2783
1442
4086
4541
-1
9218
9506
5834
1139
6698
6485
5513
7402
2924
7389
4169
4477
2891
-1
5306
-1
7856
386
-1
7762
7726
4222
3429
8398
4448
7629
9609
152
341
5785
2479
6233
6189
1408
3514
824
9042
9603
8638
3868
3989
4797
3323
7795
2277
3364
9972
9049
4454
2747
765
812
6483
1066
4085
4462
-1
7026
5360
2458
2609
-1
8403
8708
-1
586
-1
7878
4562
-1
7299
7
5526
1447
8500
1768
188
7101
3511
9888
903
3614
7014
6844
-1
2578
1203
9247
2565
9835
1844
9269
9189
-1
1169
8120
8019
6826
964
-1
-1
8354
-1
1608
4534
8016
-1
8142
6159
2571
2664
5544
4718
3363
3670
4100
9954
1797
1289
4341
7374
4865
4911
4847
9837
8600
1587
2133
5145
8626
5915
782
5005
3125
6436
3775
4115
-1
828
-1
1535
-1
8254
8169
-1
9542
8396
2560
5978
105
6479
6482
6094
4738
729
7793
5966
5266
4452
1966
7120
6458
2936
-1
4552
7413
9375
5741
113
4374
2240
2976
766
1291
2397
3502
1746
1664
8411
4253
2693
9214
4985
5471
3562
-1
8363
4442
127
6988
4390
3070
6334
8450
6603
-1
8733
474
5577