892
-1
516
160
255
-1
674
439
331
949
-1
-1
-1
335
-1
-1
948
557
926
-1
901
64
-1
681
-1
471
-1
-1
110
460
-1
-1
297
963
185
487
-1
-1
-1
686
746
403
313
286
441
15
391
556
-1
75
462
130
119
-1
663
-1
-1
594
388
-1
-1
-1
-1
566
-1
-1
581
264
257
828
899
-1
653
112
-1
329
717
248
-1
373
569
-1
836
792
307
56
-1
183
261
854
999
-1
415
-1
695
626
-1
776
182
-1
-1
29
431
991
-1
-1
-1
125
772
724
977
312
234
-1
402
815
334
-1
539
-1
564
39
683
659
952
-1
664
-1
-1
115
-1
-1
319
-1
221
-1
842
400
923
499
996
599
266
-1
232
-1
687
326
971
260
-1
942
-1
700
-1
-1
-1
-1
-1
-1
355
570
-1
882
452
912
-1
37
898
585
306
32
434
81
247
-1
598
979
856
138
192
267
50
288
396
-1
382
518
954
809
276
-1
574
-1
-1
981
305
300
-1
-1
608
21
-1
338
278
838
500
725
-1
703
-1
12
563
444
291
692
974
-1
298
673
217
-1
-1
-1
-1
-1
133
961
-1
67
132
843
495
428
213
801
236
668
684
544
537
641
-1
-1
-1
446
215
390
510
511
812
-1
483
844
96
613
65
-1
350
-1
-1
453
34
-1
897
-1
488
344
-1
-1
-1
169
705
-1
-1
543
-1
918
-1
353
-1
669
-1
157
324
467
416
30
111
-1
880
176
457
386
-1
188
-1
-1
-1
4
803
375
761
401
503
597
292
167
-1
870
-1
287
-1
-1
694
693
-1
-1
349
-1
939
196
514
672
71
345
28
-1
722
634
-1
778
461
710
944
205
987
-1
739
496
-1
-1
651
244
888
619
381
-1
509
-1
74
796
11
763
913
611
-1
-1
862
330
477
413
835
36
-1
-1
113
392
40
367
152
914
-1
-1
-1
308
907
246
327
-1
-1
924
820
697
998
-1
371
953
376
54
407
891
701
-1
690
-1
676
356
-1
33
-1
383
541
-1
153
-1
235
623
-1
-1
-1
476
-1
-1
-1
-1
422
945
-1
-1
990
-1
519
-1
-1
636
-1
-1
713
558
243
250
53
-1
-1
280
141
136
571
374
-1
316
976
-1
-1
-1
-1
424
-1
225
937
-1
63
190
354
482
-1
52
696
782
-1
368
-1
833
-1
-1
282
289
227
-1
97
813
936
156
-1
310
438
398
486
437
-1
158
-1
478
736
840
135
718
-1
372
311
848
68
-1
134
492
-1
151
-1
-1