1000
6620 4191 -3268 -4881 9003 5210 4954 5817 7032 9299 8807 4420 -6063 9666 -1101 -1342 -6589 -5248 5555 -4921 3446 7548 8069 7852 -1283 5554 -8038 -9652 -8467 -5768 7068 -7932 -9504 3367 4550 4869 -2530 6862 -6385 3761 -6128 1650 -9756 -8348 8851 9497 9566 -850 7516 -7084 4017 6112 -745 -8137 8609 -4298 -1230 713 -4217 5340 -2168 -8434 -2362 2848 -3393 -7081 -9798 -8419 837 -9252 666 -4795 2843 1524 6103 -3218 3205 -7219 -4863 973 4535 9816 3309 -1168 7872 -7678 4310 -2739 -8304 -1635 -6400 -7903 -7037 -3567 -5935 7385 -4647 -3662 -7570 3023 -8826 -4827 -3628 557 3858 6517 8899 -5199 4658 -4893 1028 -7588 2594 -1209 -3358 -801 -5869 -5999 2698 -3080 -9779 5801 -9258 -7550 -3449 -8353 -8203 -4756 9306 2445 7792 3848 7681 -5580 154 -1667 -7414 -9587 -9997 -5557 -7707 3872 1769 -2420 7239 -5799 -3416 -6703 -7817 1345 -6107 -2509 1294 -4483 9852 4338 -2675 -7503 6703 -7372 -4548 3538 3611 -1592 8016 8849 260 -1688 -8151 8652 -4212 -6053 5836 -9545 3733 -8100 -2678 -8381 5697 -139 -2337 -749 4764 -2053 1581 -8997 5104 -4946 9642 -4687 1580 4893 -9742 -4475 -1613 -8786 -945 4071 4315 564 7302 8471 -156 -2314 311 455 4066 -1641 -6297 6537 452 4142 6756 345 -1372 -3025 1051 -4747 8383 3345 5028 -7996 8280 -9666 -9188 1494 -8887 -9351 7775 399 57 -3313 -5337 3783 -1059 -9408 7719 -4505 9108 7987 7091 -8681 -8560 5381 6735 3743 4375 9460 -2806 -2743 -8003 -4159 -1987 -9169 -6942 -8276 473 -4624 7101 9811 7587 3779 -4396 5806 -790 7360 -126 280 9037 3283 -2079 -704 5846 -496 -1058 7934 -2839 -1186 739 -8820 8214 -1668 -374 7396 -620 -1622 3925 -8644 6897 2602 -3023 9413 8082 -9786 1822 -9499 -4038 73 5980 -1664 5985 -285 -8788 -2067 -6896 -1596 4075 -4105 -6341 6720 -7066 1649 -7968 9594 -5318 -998 7938 -521 -3986 -6161 -4058 -3160 -7542 2561 1395 -6130 -7647 5301 -1606 -7607 -8060 4173 -4531 -7566 5776 -3408 9461 1992 -6734 -7990 -7589 2127 7536 793 8356 -9769 -9574 7273 -3943 2785 9801 -2472 4126 -8833 747 7490 -8490 -7993 -172 -8913 6516 3374 6959 7036 -4577 -2184 6206 -5239 4148 9744 -4486 -9080 -8554 5900 -5550 6505 1511 83 4032 8953 4490 -2450 3505 8087 -4773 -9110 2816 3507 97 9931 -2965 -5707 -4752 -9436 -7068 -6679 4874 8064 -4518 9117 9770 3857 5430 1671 -5873 2672 8174 -2684 -4500 -3422 3664 913 -690 -6188 -4063 -9808 -6478 -5704 -7273 7494 -741 3610 7309 6886 -5646 -1860 725 -5057 -9343 -1885 -2659 4146 6828 6221 8387 43 -3864 -3063 5253 -2199 9773 -9339 -8552 -5091 5488 -9242 1696 534 7137 -5688 170 1490 -4662 -311 9005 5698 9345 5630 6037 -6088 -4815 -6119 -11 3056 -1742 -6117 -5422 6895 -8430 9049 -5745 -7484 5153 6596 -3348 1731 -6309 9824 8574 -5667 9669 -3419 7905 2279 -4205 2119 8243 7146 -1147 -3087 -6989 2796 -8216 6918 4544 2211 3815 -1595 9902 -9430 -1163 -8953 4386 3901 -673 -1600 -2811 -3043 -3163 6936 4254 6836 -662 -1839 -8961 -108 -2508 6877 7630 9892 -2831 8012 5950 -4477 2185 -2411 7039 -7935 -5523 -1095 425 -5900 -752 -9041 -2138 662 -1999 6761 3165 5248 1035 -5899 -8119 -7232 -782 -3450 8732 6608 7397 5708 -6939 931 -978 -5997 5363 -7826 -2128 -7953 9355 -9809 -5980 -5802 7450 -6700 -4702 -7590 -1483 7013 -2054 -4484 1161 -2699 2973 -7606 -3605 7444 -6941 42 -2510 -789 -1992 5386 8395 188 -9065 -3762 3936 -1249 4331 -8589 990 2158 -6177 -5019 4406 -6375 -572 2364 1812 3700 6294 -5327 91 -9429 -6722 -4360 -1382 1387 9276 -4812 1958 -5134 4742 3441 7903 3543 -42 3193 -6601 5921 -1114 8392 1997 -3060 -5157 4005 -8878 -6026 -7387 -2932 914 -9871 -8129 5077 8674 6764 -9999 -8244 1816 -1527 2640 -1125 -1786 -6353 9177 5011 -4344 1211 -1960 -6427 -9141 -6247 1573 -231 -9359 8595 -2240 -2679 686 3776 -9333 -6371 -1951 -4011 -455 -5029 -7266 9636 2456 4435 5422 -8859 -5881 -1011 2664 6682 5946 4278 -424 741 5942 8612 4867 4035 -1591 -1394 5265 -1685 -6661 -8994 -2755 -4412 2036 -2144 1643 -9944 270 -9197 -7716 -2607 1454 -2941 -6792 1418 -6323 -7879 -1708 -8968 -3209 -2119 2734 619 -3486 -6956 -8441 -6306 6539 4290 3631 -3922 -8881 -8274 -3548 7989 1482 6705 4685 1983 -1129 -4444 -2341 -5213 1319 5628 -1577 2264 1743 9074 -5477 8717 3822 -4869 -4630 1127 -7289 5128 -9680 7366 -4753 2157 -6917 -1367 6726 4488 -3414 -4271 -8243 -7029 -8976 -4434 2465 3268 8429 7467 14 -9875 4252 5529 -171 9185 4945 8696 -4712 -5630 -109 9056 -9886 -7574 4110 3174 5565 796 7954 5940 7899 8734 -5497 -8526 3849 -1166 6260 -7159 -2481 -3454 939 8225 -5964 7939 -7775 9674 1571 -2779 -5143 1175 4004 3810 1733 654 -1803 9173 9627 864 6693 5143 8461 -1889 -298 -4779 4477 -6692 8205 -9414 -6074 6765 146 -7420 -2665 8584 -1918 6880 8312 8125 -9487 -3167 8527 -7410 3008 -3040 -6836 -3750 -3539 7293 3298 8848 -8411 -6149 1386 6085 -4973 1542 -9226 -1232 5043 -672 8918 6669 -2343 -6800 2906 -3311 6344 -6289 -87 -1055 617 5071 9830 4681 -7112 3583 6831 8529 -2330 -5568 -4225 -7701 -5219 -2815 -240 6775 -288 281 8061 -439 5998 -8872 -6763 786 -9109 6354 774 -8192 -8679 3125 9800 -2889 4197 3344 6445 -1737 9114 5219 -9571 9087 -1538 -1623 6696 4612 1760 -6255 -3833 9498 -6994 6533 -7958 8343 2082 8467 -1013 -23 -7237 1361 -4320 149 -6256 -3778 2962 -7942 -3729 4665 -8433 7140 9676 -5525 5948 6623 7305 9000 5371 1714 1158 -5510 -1633 -5096 -1215 -2720 -9468 7805 8813 -6675 9559 -2366 8152 -138 7408 9917 9277 9019 -7218 -5339 539 -8835 2405 2204 -9623 -6226 8301 -218 -6458 -9698 8613 -3141 2745 -31 2326 -2407 379 8332 476 9492 -2423 6752 -8032 8997 3624 -3016 -4224 2346 451 -6205 2589 -4319 7957 -2698 9615 3333 -2554 -1303 7785 -491
500
-7958
2441
-749
6880
4867
-1996
-3548
741
3344
-8994
-7064
5433
2235
3283
-1819
9746
-8976
-1591
-8552
-2778
-8100
8717
7880
-3762
-2359
146
7740
7629
7934
379
-2159
9011
4004
-9258
6539
-126
-2855
-7370
7285
-3943
-5057
1542
3743
4146
725
9676
1733
-1577
9284
8527
311
7450
7775
4674
-3393
-7781
743
-2128
1769
-2786
-6688
-7220
-6904
-1633
-9244
9467
-1885
4544
4742
-6679
-8038
-974
-3160
7903
656
3367
-4531
5028
-7151
2204
-1664
-6081
-6800
-6053
3815
8899
-5868
6608
4658
-7218
-9997
-2804
1345
8155
-4212
-2684
-8614
-5707
6620
-8196
1528
9461
913
-9786
1891
1686
9840
7536
-5646
-4687
-9504
3761
5340
-1806
1571
-6341
3298
-6181
-1168
-1498
-1622
9177
-3833
-3311
-9065
-1048
-3408
4186
-1597
7852
-7636
-4586
3611
-6281
5630
3263
-6942
1580
-8467
-311
-9875
-2199
4490
3907
5371
5436
-3986
3446
-9429
4665
6666
-8881
-1678
-4298
8599
-6559
-5796
1533
-5118
1088
2698
-1667
4405
-7716
534
-8276
-7026
9276
-8032
-1960
3822
9355
796
8392
5043
7434
-2184
-9571
-7232
7309
6354
4488
9005
4126
1650
1941
1992
-782
-9109
-6256
4315
4578
-1708
1645
6590
-9587
3848
3901
950
8526
-2407
9627
-5257
3193
4290
-6896
-374
-4702
7894
-4344
4775
9773
-1613
666
4071
-4105
-9468
2678
3936
-3539
5776
6193
4598
5757
2135
3244
7397
-9242
5132
8652
7408
-6956
-240
939
5836
-6149
5265
-3422
-3864
-1232
-1163
-2941
-9284
8239
-2796
654
5806
1743
-672
-673
-6306
-3704
-42
-6989
8125
-2472
8696
9776
2816
-4558
2442
476
9306
-9726
-8003
-9780
-138
3008
9164
8388
5803
6761
-4396
-939
7804
-1230
-157
-8419
-2706
2745
5405
-3449
-1061
6897
3507
188
1319
9460
7905
-4889
-7701
6703
451
1816
3695
6517
5623
-5779
-6221
9892
-6177
2158
-5422
1573
-455
-2168
4066
6765
-3554
-7566
8037
4142
8386
3401
-4205
-4159
917
-9034
2843
6191
-8859
6221
-741
-3486
8595
2973
9492
-3411
-4647
-2806
66
-5768
345
-4477
-8913
5950
-9742
6653
-4881
-285
9555
2881
-3087
5104
-7932
-2554
1997
-7898
-662
8034
8529
-6107
9800
-5497
-8304
-2423
-2099
4259
-7387
3345
43
1386
-6792
9277
1991
-8327
7899
1731
9173
2364
7032
-8348
-3517
-3264
-4452
3810
-8203
5071
3441
-5657
-8069
-8490
-6400
-4224
-9944
-5331
2264
-9080
2157
8953
1490
-7953
-4319
6584
-4058
-3156
-3605
2672
-9608
9345
7825
1983
-1209
-7835
7013
-8648
5301
-2675
-5231
-604
-1430
57
-2093
-4241
-9385
4555
1127
-8953
-5602
3025
-9779
-3365
-789
-1401
-4160
-2815
746
-7565
-4486
-1592
5128
4954
8997
-2262
112
4254
7293
7366
-1668
2185
7913
3664
-9499
-6412
-5468
5954
4341
1035
-6056
5554
-8833
-2900
8732
6505
2734
-31
-2910
9000
-4217
-5873
4464
2346
-342
-6734
-3011
-9531
4197
4110
5488
-3748
8087
-6309
-8826
6918
4118
3779
747
1643
-109
774
6
6895
1489
42
-4827
-6939
7385
-4548
-5733
2211
3776
-7066
8613
-8799
7396
-172
-9907
7036
-8497
-5052