100
-695 -372 -395 401 -304 -574 -551 -339 -926 734 -818 118 139 -37 -141 -400 917 170 862 711 -822 -779 -70 486 -679 -787 724 132 381 -146 697 152 -563 -203 -942 -734 434 -220 1000 7 619 -86 -479 335 836 563 -158 -696 -7 702 790 974 -58 -42 464 256 -192 637 -862 808 -735 389 792 869 -268 -664 14 410 356 843 -782 785 -939 621 -975 957 -331 -898 186 474 821 321 -905 681 -111 -950 617 -685 507 366 -553 -48 712 443 -296 68 -309 -219 -721 -753
50
-413
525
507
-7
474
-862
-950
118
-339
152
-753
-779
253
-563
335
957
-309
-331
68
321
843
-905
29
-660
45
-154
389
734
401
170
836
-551
-870
-146
419
-158
-941
-637
-205
158
-220
-664
-904
-822
356
-48
-268
256
974
279