110
10229 405 5842 18403 16666 6353 16737 12522 18215 1363 6876 2134 15742 1372 2410 18449 11045 11448 4425 3936 15242 11225 18189 5922 2450 5285 15884 6734 11844 11404 7000 7160 18436 12450 19632 11324 12469 11889 8903 8860 19091 11157 16864 16800 12094 17332 13686 1859 5541 3483 15818 10968 17391 1751 15700 10462 6658 16089 13764 5555 11881 2789 16004 16627 9612 580 6175 15165 17881 6792 8466 12111 6909 11326 1461 12593 4960 7312 8838 3790 14005 6342 11479 19795 6126 4249 14093 17494 18258 18802 1552 4286 755 5667 2929 2001 17666 4695 11980 18623 18412 4212 1585 14515 7152 15934 11386 8312 7283 13216
417
6342
6876
18403
1461
5285
18215
7283
16800
16004
5667
7000
18449
6792
1552
16800
11324
405
13764
16737
15818
18449
16737
9612
2929
7160
8860
14005
1751
8312
6876
17666
15700
4286
11404
10462
16737
16089
15884
18436
11404
11844
17494
7283
8903
2929
6353
15934
12094
10462
17391
18258
4960
11225
15700
15242
18403
12593
7312
18215
15242
12450
9612
12111
12522
11225
4960
12469
5541
11326
16864
12094
4212
18403
16627
1372
15818
14515
16864
4286
11225
3483
18436
6734
7160
8838
3936
13764
11045
11157
18449
11889
18449
18436
12469
11324
3936
14005
2929
6909
15884
11225
8838
15165
11980
580
18436
11980
3483
18449
6126
5555
18623
11404
12593
19632
6175
755
2410
6792
11157
12450
16666
755
2410
7160
17666
11844
15742
7160
11157
12111
2001
2410
4425
7000
1751
7000
10462
11980
7160
12094
11889
4249
2410
4695
6876
4425
16627
8860
18436
5541
15165
11386
15242
8312
6175
4286
17881
405
16089
1751
18412
17391
18403
11326
1552
15165
8466
10968
12522
11386
6175
18258
405
15165
14093
7283
14515
8860
17332
755
5922
15884
6792
8838
7283
19632
8838
7160
2450
16004
3936
12469
18215
16089
18623
7000
6909
12094
405
8838
13686
12111
18215
13216
11448
16737
13764
19795
1552
16666
15934
8903
6175
6876
6909
8903
15242
10229
19795
19795
12111
13216
18449
15934
1859
8838
11889
3790
580
10968
8312
1363
3936
19632
755
11844
16627
17666
11324
4960
4960
5541
17666
4212
3936
8466
12450
12469
6734
5842
18189
11225
8466
1552
4425
2789
6876
2929
4695
6909
8860
7312
14093
8466
18403
11889
19091
12522
14005
11881
5922
16666
7000
2134
17666
17666
16627
9612
17881
16089
15700
18412
17494
2450
18258
1585
15742
4249
18436
5555
11225
11045
3483
1461
6175
17494
1859
11045
11324
15742
10229
11404
16864
11157
5922
12111
11404
16666
7152
2789
11980
10229
19795
8903
12450
405
4212
4695
17332
3483
5541
7160
7160
5842
5541
18403
11326
15818
13686
11889
12469
7000
5922
5370
9483
540
4713
8013
4628
3953
343
3558
8935
7684
5206
7998
6255
4279
1816
1362
1176
2741
1819
1471
5746
884
3096
1703
4536
5252
1961
6377
8479
9572
5826
3658
7040
2865
2384
954
6534
4121
6071
8316
8243
3902
5425
798
7424
5438
6394
5252
5347
9938
6757
3566
5386
4832
6133
2737
2232
8798
1803
9530
4178
7322
9950
525
4816
2703
2386
6320
6574
237
5281
3390
2799
4055
1303
7359
4156
7091
6310
3609
4871
5694
