312
11940 9317 18454 14671 15159 17152 2971 9919 17707 1184 18826 523 3154 14528 6739 3370 3659 15022 3796 5287 9355 15864 2643 11431 9961 13224 1558 3070 5173 6204 16791 15098 943 19667 18377 169 8303 15563 7877 2076 18195 12817 10808 3790 7682 12816 12557 224 17427 11423 8795 15144 16090 3213 6503 10028 4586 5249 14421 16195 17544 15136 4831 9492 468 11578 3196 7185 3237 17749 4746 2851 7660 7870 16816 1848 7609 3350 1487 13205 12296 9166 8389 17365 14240 11097 1120 1494 19694 6642 13889 13013 10337 13440 5779 10367 998 8790 14842 3140 17589 8785 1230 6114 13579 11172 17914 19318 14101 16582 3536 4337 2035 1766 3187 4308 9518 2898 16298 16569 11385 10315 13037 5832 3783 24 3979 16656 4256 14724 18358 8237 16419 2881 1585 1813 15464 2249 19402 3907 17149 4638 14558 2462 3284 9515 2868 2051 10570 16133 4010 9623 526 9053 9234 5896 9829 5352 6752 14655 14178 9112 18938 10280 16732 16504 14380 328 17009 8888 19234 5154 1040 15615 14303 2235 5476 13947 91 7790 1173 781 2309 14400 16373 2817 8630 2360 4245 19382 15520 6564 18519 4463 17468 2880 19814 9718 7991 13879 3962 13920 11125 19042 850 2908 9107 18523 167 2850 8782 350 3660 14475 15319 11440 15949 6392 11602 9971 4274 2129 9187 14081 12032 2833 1528 1895 512 6899 8312 12177 8461 18559 1162 13820 1349 16973 14524 7230 4412 16424 17071 13569 999 3410 12740 2455 19587 10133 3917 12705 7824 19440 9040 11890 13575 16503 11671 12131 17342 1326 2442 14805 4644 14629 13909 18893 18249 15991 1464 9952 11001 6960 9382 15734 13411 11876 11726 1430 17493 8197 19061 2932 7779 19961 14091 4819 16700 15278 11819 19013 1385 4123 8670 4929 2616 6019 6541 9662 11116 4328 17628 9189 379 18050 16638 3920 4951 13311 709 2931
132
3237
16816
2881
16582
18358
1173
8785
6564
14081
6392
15464
2850
16582
15949
7824
3213
16373
6899
4274
1487
3907
11440
16298
3070
4819
8782
16298
4463
5173
3154
16424
16656
13569
16298
2850
2850
4746
8461
4328
1464
709
1895
9971
14400
8782
17707
1230
19961
6564
3370
8782
11431
8790
17468
9382
8237
1173
19382
4010
18523
18249
16373
5287
1494
4274
2880
1230
3350
9189
19961
11940
16298
19667
9040
5173
2462
16373
14724
998
11876
16133
2442
8461
11578
15949
7682
13879
2908
7991
10367
6752
14240
8303
2908
15022
4328
11440
2833
19402
16973
1558
17427
14303
11116
15136
2908
5131
4330
9469
7544
428
2369
802
605
4364
2758
3643
8078
6481
4622
1372
9025
6070
8834
3945
5679
9959
8714
4208
1991
8277
6903
