338
19942 9946 8701 11239 7070 13799 17479 1492 19383 9366 7267 2644 19380 4842 16311 6180 569 6818 2611 9968 10593 13322 5340 15231 4177 19601 1602 7453 8199 19188 12062 9822 3516 15174 2285 8286 12943 3076 6109 17135 9154 13085 2860 545 14791 5419 6853 1609 8850 3817 14618 11712 13487 3733 13925 10507 15069 14625 1676 2303 14709 16894 2082 12428 16027 10174 132 8476 12843 17889 13617 5957 15918 2231 3658 13536 15556 11810 17938 11373 8882 4410 16726 16987 11443 4280 7976 19854 3701 6063 10067 3486 1800 2189 14894 4078 6241 18180 6046 930 6537 12734 10564 16543 3461 17491 7281 6844 19450 15955 16529 958 14441 12331 18834 8283 19372 18487 4187 7023 1193 5800 12503 19740 3530 3901 3517 9518 13780 11474 7572 2516 13542 12751 12958 1731 9926 4803 14009 9436 2858 11355 8653 15784 9071 14487 14678 13321 8944 17506 10294 13883 16866 6050 1813 8375 16286 734 1592 6824 3105 8786 3754 671 7024 5730 12886 17534 15073 5898 7423 9802 3161 19840 10196 9341 1058 8006 10460 10988 2208 6350 18705 415 10574 126 2194 9665 4262 7780 11463 11116 18140 7849 9929 8727 13147 4957 8131 6929 14615 14639 8693 11591 11609 5364 3120 19114 2221 10653 17548 8424 8810 3584 14902 10001 19260 17163 16641 15325 17646 16114 10142 1298 3535 9981 1190 3337 16219 8083 4297 8634 4975 1577 1257 11333 16535 13802 7279 14656 475 12444 14490 2637 11891 17830 7513 16761 210 11051 16528 17136 11192 17958 14984 7532 12743 13410 16815 13107 5701 2167 12917 18678 603 7236 4438 11605 4507 10541 2393 4897 4839 12556 5065 965 5355 2589 708 9865 11298 4510 153 4401 499 8760 8015 8819 18473 8035 15002 19940 12247 14460 13303 11046 19093 16971 11789 19485 9982 18404 121 4144 9183 51 9553 14834 14384 2597 1047 14983 14932 17665 3645 9693 4541 9036 12571 18681 1899 19239 2448 15080 15381 2164 3719 3908 6917 19561 7535 8915 10370 3710 15308 18843 4072 15324
461
4280
2860
12503
7236
9036
965
16311
9981
12503
14639
18140
8476
17938
14618
11298
13617
12062
132
15174
16761
1602
6929
15556
8819
3486
16726
17534
1577
1058
16761
3517
6109
7024
4187
8006
3461
12751
7267
18180
10564
15784
8760
965
10653
17958
11373
18487
8015
15324
16311
14894
19485
17646
3337
7849
1800
16286
17163
13542
7281
14984
12734
17135
15955
6853
15069
13303
4187
5898
1609
3719
17136
8882
5364
17534
15002
18140
6241
2285
4262
13780
9929
4401
132
13085
7024
19380
5364
2285
11116
16641
7070
2860
13147
1592
8882
12843
958
6824
14983
17534
18834
4507
3516
10507
18180
19601
153
7849
8131
19940
6824
14678
14902
8015
3161
17938
15231
7024
17479
15174
12734
1899
4510
7267
19383
13780
17958
1190
10370
11605
5065
13147
9665
3645
1577
603
12917
14615
8727
12444
11463
5065
5701
12917
13542
11609
11046
671
8283
2285
4842
9693
6050
1193
9436
11333
4897
19740
19093
18834
1492
10196
12428
10370
11355
12751
2303
14487
11789
14834
10067
3337
8693
16726
18180
14984
5355
17491
3535
15069
5065
3120
9436
13799
13085
4297
16866
6046
4401
569
15002
9946
3516
1492
4842
16726
603
12571
2285
10294
7023
2597
11605
10174
14902
4280
4842
1577
3754
10001
16528
11239
14625
5730
930
17889
12743
8693
7780
9981
1577
3754
9982
3817
13780
8653
8944
19854
3901
1492
15784
15324
14625
9865
1899
7513
4507
10988
8693
16894
13925
734
415
7513
14615
18705
8701
13303
9926
4262
9154
1058
4262
11609
2611
12917
6063
13536
9802
1602
8882
16726
2167
3754
9926
13780
3120
6109
734
15918
8035
2611
499
5065
15918
12734
19740
4507
6050
4144
13542
126
9071
15325
12751
3908
7070
9929
4839
12444
6929
958
12556
415
12247
6050
12444
18404
15381
1592
6844
6844
15069
6929
6818
14441
9183
12062
1899
3701
3817
12958
603
14834
17665
8006
13536
10564
10460
10067
17665
13410
1609
14487
2858
10653
13617
18681
475
9436
8653
499
603
15955
3105
16286
1058
13925
17135
7572
12247
14984
8015
10370
3658
1193
14487
10988
1193
8035
1609
2611
19260
16219
5355
8286
3535
4144
4144
17135
11239
16286
2285
9822
9553
8131
17889
17889
7724
5313
7374
6886
4053
5795
3517
9910
3068
1536
9926
7980
6408
1503
4450
9618
5932
280
5819
3432
6135
7053
2196
6398
8857
3336
6834
2089
3691
6772
2248
1213
8213
6181
7268
1740
9829
4936
5044
6439
373
2578
8521
8241
1853
657
9565
4079
175
7112
7293
3335
7736
5223
4522
2145
6827
4379
3055
2590
1358
1865
6701
6682
5564
4174
3392
279
219
5208
3323
8146
6767
7289
8902
9595
9350
2388
4620
2999
4213
8403
2106
9809
6093
9006
3325
7992
9752
3680
5931
3071
