493
13290 4428 11359 14290 8150 3250 3877 7638 1367 472 1704 5893 4819 17290 4045 7525 3597 2595 3309 4859 12720 9409 18898 8451 2543 13289 16460 11930 11869 6503 11136 14406 4057 11054 17210 14701 328 17568 15886 4035 9335 9413 6808 3150 4452 18674 5574 17414 1332 12719 103 17479 1054 1121 17569 13982 14761 19106 5023 4952 918 19932 19800 2596 1378 10209 5182 9220 11519 2975 11694 9270 8781 3622 10254 19842 9367 5498 1109 5648 18057 11921 5949 10391 11802 7956 5536 812 15163 6320 15688 4117 17836 2559 14897 11809 10198 3258 11813 19039 15314 14776 17511 13681 11232 5647 2454 11716 8542 5204 9871 15433 14299 9364 16111 17321 19165 12111 3327 7767 4546 7186 8973 19370 9900 3792 15332 12167 15739 17147 10208 19691 12125 10473 16905 19986 9836 8863 7037 17189 8154 19409 3955 5868 11898 14589 15392 351 15933 9357 7920 13621 1170 6814 19757 9761 16543 18959 19596 14770 13346 9330 19812 18666 15260 17012 13451 19258 13570 7666 16158 10574 9651 19476 258 14854 8248 4418 14819 15443 1843 16728 6702 12678 8480 11768 8574 19811 1299 11779 16045 12714 15875 19826 13046 1689 15132 10409 10596 5755 19543 903 18699 16220 16592 12010 1648 14158 7544 15432 8275 623 17603 5320 3740 11202 17524 18506 6584 8715 17181 8077 11408 13432 4121 9395 18923 7541 18230 9503 4652 8624 11019 6153 1720 11210 9116 7409 13744 18493 14477 567 2809 5205 6502 17578 4138 16056 9859 803 19211 13063 17988 18848 9638 8599 11305 3026 3770 9493 929 13883 19612 18774 6480 9365 9114 10734 15303 13307 13829 15693 3834 2252 15999 18286 13115 19815 1828 7458 10714 10550 6172 19107 2790 14247 8836 19228 16068 16681 18505 15356 13655 3829 1358 4077 17520 13330 4751 14613 4662 5299 15250 8986 7739 4055 4764 3985 15214 18960 17384 13736 14102 14404 9385 8866 326 8530 9510 16985 15735 10072 15717 9031 11203 13352 16355 17194 13660 9596 5707 3372 10867 10505 10925 19073 7809 1 4779 1347 204 1548 16937 11391 10437 18209 443 18080 8823 8903 16468 242 18368 3289 6199 1007 12540 14009 9408 15362 2292 17616 10792 7258 3002 16358 19501 13312 2795 15495 5309 13837 15187 7236 10586 17795 1241 18611 6977 13068 10441 10547 17097 15557 6278 10013 15350 12209 12 9907 738 11697 14646 12910 15867 15338 12423 15705 1514 5072 18615 14167 14635 8949 14405 15654 9860 7330 7719 15520 764 1078 7457 3498 14662 1682 3497 11043 5042 4032 9029 13996 1152 2039 6897 298 869 9528 15403 5467 14681 11676 16712 2144 16967 14700 14480 9430 14530 10996 378 9917 7045 19530 13766 18742 11606 5469 18119 18483 11751 9431 6883 18426 7607 11171 19478 10962 3781 11447 11623 11168 6347 16844 9076 4577 12124 13435 10458 9251 671 8382 16676 1622 4664 3038 7602 14418 13474 289 6275 17807 1652 8989 6008 15043 19111 9788 7935 10816 17173 1507 1434
173
15332
7767
18611
4117
14776
7809
5498
12910
378
14776
11898
1347
11232
623
9365
10458
9029
11054
6275
3985
19106
13996
8574
5467
14406
298
9364
15693
12714
5648
17321
6153
9860
4652
1548
11359
15739
5574
6883
11391
7638
14681
6008
15933
18960
14530
2543
17836
9029
18666
12720
9408
11809
12720
13660
6883
19842
9408
9860
1682
18119
9251
1652
13982
3985
15495
19812
7956
11305
11921
918
16543
9367
1689
11779
16543
10596
11054
5868
11779
1434
5023
7045
1007
812
929
14662
12125
4117
15443
4779
18057
4418
16045
5320
9413
12423
7458
14854
764
1299
11694
18923
11606
19812
9917
8973
19757
671
14681
19800
15163
19691
812
18615
10734
19107
14247
13681
10996
16543
6480
6172
16045
9859
11171
6320
14635
14589
17181
17384
10867
2454
3002
18286
1507
16728
9917
3622
2884
5801
6324
6370
6595
2270
4697
4069
1902
445
2095
1985
1406
6160
3850
6089
5162
3056
1578
4143
9444
3242
7811
1779
8406
2510
499
4032
9440
26
2773
1350
133
6029
