128
3923 10097 1529 12123 15498 992 1456 17882 15260 760 2359 714 9147 19922 4353 8026 4408 15848 15821 13136 11183 12544 4138 2402 18651 6147 9368 13215 17361 17265 17016 4343 18962 5281 3067 19898 6809 16717 2780 15472 16899 15632 14561 5418 18948 8065 2144 7886 16859 10427 12929 16856 8934 6559 98 11432 4976 12685 16868 14975 11168 7008 615 7335 3188 10300 12555 7716 211 9302 7775 11129 11059 12663 1322 13371 14910 11899 2264 16357 13087 13514 2901 485 17866 18420 10140 11396 13537 4106 601 6125 1776 14909 16862 2990 7722 16190 8674 8305 14623 2881 4168 12724 3490 17128 10542 1422 1673 1621 8926 16793 18140 7585 9117 71 4867 16602 14698 5719 5432 4123 14974 14527 19359 4394 2701 15670
287
19359
3188
16602
17016
485
8926
211
4867
3490
7722
3188
1673
17016
19898
12685
12685
12685
2402
11168
16190
16793
7585
17361
9302
7886
3923
4138
3188
601
15498
3923
2780
12663
2144
15472
8674
13371
7335
7775
12555
16868
16357
12555
4106
2901
12123
16862
7585
10140
2701
8934
6125
2990
1529
10300
601
8934
1776
15472
3188
4394
16868
4343
13136
14698
8065
1322
4343
3923
9147
4408
4138
2402
14910
4138
7716
8026
4353
5281
2990
14698
12555
16793
8926
1673
11129
14910
16357
16357
11396
2144
16899
13537
15670
18140
6559
4976
17128
19898
4394
7008
15670
15848
71
10542
15498
16602
71
12929
12663
18651
5432
11129
4343
2144
2990
16717
615
4867
11059
2881
17361
17866
16899
16859
17361
17016
11899
12544
71
18651
9368
601
18651
16190
15670
13087
10140
14623
1529
17866
11396
14910
11059
14623
12685
714
8026
16859
13087
9302
1621
17128
5432
2144
2264
18962
15472
16357
10427
12724
16899
12929
1621
7722
1456
5418
14623
7008
1673
485
4106
12685
2901
211
17128
10140
4408
6809
4138
4138
13215
18962
3490
10542
4123
601
16717
7716
16862
14527
13514
3490
2701
11396
760
14561
15670
9368
11432
2359
15632
16899
18140
16357
8305
8065
8026
6125
4867
16862
1776
5719
8934
4168
11183
15632
992
2780
16899
16899
17016
9117
12724
3188
12724
15670
6559
6559
7775
9404
2973
346
6947
4951
7630
716
7651
2565
6272
4809
3409
1094
9564
2110
7785
7209
2990
8667
4012
2207
6212
9565
5164
3967
5654
5199
2841
5495
1095
1481
690
3923
5356
2111
7934
8762
2551
7026
383
3127
8707
2209
8154
5809
2604
9133
8292
9640
6095
5471
6847
6809
45
770
9483
3404
